15
1 2 3 6
2 1 4 5
3 1 7 8
4 2 9
5 2 10
6 1 11
7 3 12
8 3 13
9 4 14
10 5 14
11 6 15
12 7 15
13 8 15
14 9 10
15 11 12 13
15
1 2 6 11
2 1 3 15
3 2 4
4 3 5
5 4 6
6 1 5 7
7 6 8
8 7 9
9 8 10
10 9 11
11 1 10 12
12 11 13
13 12 14
14 13 15
15 2 14
15
1 2 3 4 5 6 7 8 9 10 11 12 13 14 15
2 1
3 1
4 1
5 1
6 1
7 1
8 1
9 1
10 1
11 1
12 1
13 1
14 1
15 1
20
1 2 10 11 20
2 1 3
3 2 4
4 3 5
5 4 6
6 5 7
7 6 8
8 7 9
9 8 10
10 1 9
11 1 12
12 11 13
13 12 14
14 13 15
15 14 16
16 15 17
17 16 18
18 17 19
19 18 20
20 1 19
20
1 2 8 14
2 1 3
3 2 4
4 3 5
5 4 6
6 5 7
7 6
8 1 9
9 8 10
10 9 11
11 10 12
12 11 13
13 12
14 1 15
15 14 16
16 15 17
17 16 18
18 17 19
19 18 20
20 19
7
1 2 3 4 5 6 7
2 1 3 4 5 6 7
3 1 2 4 5 6 7
4 1 2 3 5 6 7
5 1 2 3 4 6 7
6 1 2 3 4 5 7
7 1 2 3 4 5 6